       0.0408       1.9749       1.8190
       0.3487       3.6652       1.3116
       0.8395       5.1676       1.1889
       1.4237       6.5775       1.1344
       2.0655       7.9332       1.1037
       2.7457       9.2512       1.0840
       3.4542      10.5413       1.0703
       4.1847      11.8082       1.0602
       4.9341      13.0589       1.0525
       5.6973      14.2951       1.0464
       6.4728      15.5192       1.0415
       7.2589      16.7328       1.0374
       8.0542      17.9373       1.0340
       8.8575      19.1337       1.0311
       9.6680      20.3210       1.0285
      10.4865      21.5035       1.0263
      11.3097      22.6803       1.0244
      12.1381      23.8517       1.0227
      12.9714      25.0184       1.0212
      13.8092      26.1805       1.0198
      14.6510      27.3386       1.0186
      15.4967      28.4928       1.0174
      16.3460      29.6435       1.0164
      17.1985      30.7909       1.0155
      18.0541      31.9329       1.0146
      18.9127      33.0741       1.0138
      19.7761      34.2125       1.0131
      20.6402      35.3483       1.0124
      21.5068      36.4817       1.0118
      22.3757      37.6128       1.0112
      23.2468      38.7416       1.0107
      24.1201      39.8684       1.0102
      24.9953      40.9931       1.0097
      25.8724      42.1160       1.0092
      26.7513      43.2370       1.0088
      27.6320      44.3563       1.0084
      28.5143      45.4739       1.0080
      29.3982      46.5900       1.0076
      30.2837      47.7044       1.0073
      31.1802      48.8051       1.0070
      32.0687      49.9166       1.0067
      32.9586      51.0267       1.0064
      33.8498      52.1355       1.0061
      34.7423      53.2430       1.0058
      35.6360      54.3493       1.0056
      36.5309      55.4544       1.0053
      37.4270      56.5584       1.0051
      38.3241      57.6612       1.0049
      39.2224      58.7629       1.0047
      40.1217      59.8636       1.0044
      41.0220      60.9633       1.0042
      41.9233      62.0620       1.0041
      42.8256      63.1597       1.0039
      43.7288      64.2565       1.0037
      44.6329      65.3524       1.0035
      45.5379      66.4474       1.0034
      46.4437      67.5416       1.0032
      47.3504      68.6349       1.0031
      48.2579      69.7274       1.0029
      49.1662      70.8192       1.0028
      50.0752      71.9101       1.0026
      50.9850      73.0003       1.0025
      51.8955      74.0898       1.0024
      52.8068      75.1786       1.0022
      53.7187      76.2666       1.0021
      54.6313      77.3540       1.0020
      55.5446      78.4407       1.0019
      56.4586      79.5268       1.0018
      57.3731      80.6122       1.0017
      58.2883      81.6970       1.0016
      59.2042      82.7812       1.0015
      60.1206      83.8647       1.0014
      61.0376      84.9477       1.0013
      61.9551      86.0302       1.0012
      62.8732      87.1121       1.0011
      63.7919      88.1934       1.0010
      64.7111      89.2742       1.0009
      65.6309      90.3544       1.0008
      66.5511      91.4342       1.0008
      67.4719      92.5134       1.0007
      68.3932      93.5921       1.0006
      69.3149      94.6704       1.0005
      70.2372      95.7482       1.0005
      71.1599      96.8254       1.0004
      72.0830      97.9023       1.0003
      73.0067      98.9787       1.0002
      73.9307     100.0546       1.0002
      74.8552     101.1301       1.0001
      75.7802     102.2051       1.0000
      76.7055     103.2798       1.0000
      77.6313     104.3540       0.9999
      78.5575     105.4278       0.9999
      79.4841     106.5012       0.9998
      80.4111     107.5742       0.9997
      81.3385     108.6468       0.9997
      82.2662     109.7190       0.9996
      83.1944     110.7909       0.9996
      84.1229     111.8624       0.9995
      85.0518     112.9335       0.9995
      85.9810     114.0043       0.9994
      86.9106     115.0747       0.9994
      87.8406     116.1447       0.9993
      88.7709     117.2144       0.9993
      89.7015     118.2838       0.9992
      90.6325     119.3529       0.9992
      91.5638     120.4215       0.9991
      92.4954     121.4899       0.9991
      93.4273     122.5580       0.9991
      94.3596     123.6257       0.9990
      95.2922     124.6931       0.9990
      96.2250     125.7603       0.9989
      97.1582     126.8271       0.9989
      98.0917     127.8936       0.9989
      99.0255     128.9598       0.9988
      99.9596     130.0257       0.9988
     100.8939     131.0914       0.9987
     101.8286     132.1567       0.9987
     102.7635     133.2218       0.9987
     103.6987     134.2866       0.9986
     104.6342     135.3511       0.9986
     105.5699     136.4154       0.9986
     106.5059     137.4794       0.9985
     107.4422     138.5431       0.9985
     108.3787     139.6066       0.9985
     109.3155     140.6698       0.9984
     110.2526     141.7328       0.9984
     111.1899     142.7954       0.9984
     112.1274     143.8579       0.9983
     113.0652     144.9201       0.9983
     114.0032     145.9821       0.9983
     114.9415     147.0438       0.9982
     115.8800     148.1053       0.9982
     116.8187     149.1665       0.9982
     117.7577     150.2276       0.9982
     118.6969     151.2883       0.9981
     119.6363     152.3489       0.9981
     120.5760     153.4093       0.9981
     121.5159     154.4695       0.9981
     122.4559     155.5293       0.9980
     123.3963     156.5891       0.9980
     124.3368     157.6485       0.9980
     125.2775     158.7078       0.9980
     126.2184     159.7668       0.9979
     127.1596     160.8257       0.9979
     128.1009     161.8843       0.9979
     129.0425     162.9428       0.9979
     129.9843     164.0010       0.9978
     130.9262     165.0591       0.9978
     131.8684     166.1169       0.9978
     132.8107     167.1746       0.9978
     133.7532     168.2320       0.9977
     134.6960     169.2893       0.9977
     135.6389     170.3464       0.9977
     136.5820     171.4033       0.9977
     137.5253     172.4600       0.9977
     138.4688     173.5166       0.9976
     139.4124     174.5728       0.9976
     140.3562     175.6290       0.9976
     141.3003     176.6850       0.9976
     142.2445     177.7408       0.9976
     143.1888     178.7964       0.9975
     144.1334     179.8519       0.9975
     145.0781     180.9072       0.9975
     146.0230     181.9623       0.9975
     146.9680     183.0173       0.9975
     147.9133     184.0721       0.9974
     148.8586     185.1267       0.9974
     149.8042     186.1811       0.9974
     150.7499     187.2354       0.9974
     151.6957     188.2896       0.9974
     152.6418     189.3435       0.9974
     153.5880     190.3973       0.9973
     154.5343     191.4510       0.9973
     155.4808     192.5045       0.9973
     156.4275     193.5578       0.9973
     157.3743     194.6110       0.9973
     158.3212     195.6640       0.9973
     159.2683     196.7170       0.9972
     160.2156     197.7697       0.9972
     161.1630     198.8223       0.9972
     162.1105     199.8747       0.9972
     163.0583     200.9270       0.9972
     164.0061     201.9792       0.9972
     164.9541     203.0312       0.9972
     165.9022     204.0831       0.9971
     166.8505     205.1348       0.9971
     167.7989     206.1864       0.9971
     168.7474     207.2379       0.9971
     169.6961     208.2892       0.9971
     170.6449     209.3404       0.9971
     171.5939     210.3914       0.9971
     172.5430     211.4424       0.9970
     173.4922     212.4931       0.9970
     174.4415     213.5437       0.9970
     175.3910     214.5943       0.9970
     176.3406     215.6447       0.9970
     177.2904     216.6949       0.9970
     178.2402     217.7451       0.9970
     179.1902     218.7951       0.9969
     180.1404     219.8449       0.9969
