 0.025   11.929
 0.050   13.435
 0.075   14.324
 0.100   14.960
 0.125   16.342
 0.150   16.658
 0.175   16.929
 0.200   17.167
 0.225   17.380
 0.250   17.575
 0.275   17.756
 0.300   17.925
 0.325   18.083
 0.350   18.233
 0.375   18.376
 0.400   18.512
 0.425   18.641
 0.450   18.765
 0.475   18.884
 0.500   18.997
 0.525   19.105
 0.550   19.210
 0.575   19.313
 0.600   19.412
 0.625   19.504
 0.650   19.591
 0.675   19.673
 0.700   19.752
 0.725   19.831
 0.750   19.908
 0.775   19.985
 0.800   20.059
 0.825   20.127
 0.850   20.192
 0.875   20.257
 0.900   20.321
 0.925   20.383
 0.950   20.445
 0.975   20.506
 1.000   20.566
 1.025   20.623
 1.050   20.679
 1.075   20.736
 1.100   20.790
 1.125   20.842
 1.150   20.891
 1.175   20.941
 1.200   20.991
 1.225   21.040
 1.250   21.088
 1.275   21.134
 1.300   21.178
 1.325   21.221
 1.350   21.264
 1.375   21.307
 1.400   21.351
 1.425   21.394
 1.450   21.435
 1.475   21.474
 1.500   21.510
 1.525   21.546
 1.550   21.582
 1.575   21.620
 1.600   21.659
 1.625   21.695
 1.650   21.730
 1.675   21.766
 1.700   21.802
 1.725   21.838
 1.750   21.875
 1.775   21.912
 1.800   21.949
 1.825   21.985
 1.850   22.022
 1.875   22.058
 1.900   22.097
 1.925   22.137
 1.950   22.179
 1.975   22.220
 2.000   22.260
 2.025   22.300
 2.050   22.339
 2.075   22.379
 2.100   22.421
 2.125   22.463
 2.150   22.507
 2.175   22.554
 2.200   22.604
 2.225   22.657
 2.250   22.713
 2.275   22.775
 2.300   22.841
 2.325   22.912
 2.350   22.989
 2.375   23.072
 2.400   23.162
 2.425   23.258
 2.450   23.362
 2.475   23.474
