0.025 11.1544902001
0.05 12.6604902001
0.075 13.5494902001
0.1 14.1854902001
0.125 15.5674902001
0.15 15.8834902001
0.175 16.1544902001
0.2 16.3924902001
0.225 16.6054902001
0.25 16.8004902001
0.275 16.9814902001
0.3 17.1504902001
0.325 17.3084902001
0.35 17.4584902001
0.375 17.6014902001
0.4 17.7374902001
0.425 17.8664902001
0.45 17.9904902001
0.475 18.1094902001
0.5 18.2224902001
0.525 18.3304902001
0.55 18.4354902001
0.575 18.5384902001
0.6 18.6374902001
0.625 18.7294902001
0.65 18.8164902001
0.675 18.8984902001
0.7 18.9774902001
0.725 19.0564902001
0.75 19.1334902001
0.775 19.2104902001
0.8 19.2844902001
0.825 19.3524902001
0.85 19.4174902001
0.875 19.4824902001
0.9 19.5464902001
0.925 19.6084902001
0.95 19.6704902001
0.975 19.7314902001
1.0 19.7914902001
1.025 19.8484902001
1.05 19.9044902001
1.075 19.9614902001
1.1 20.0154902001
1.125 20.0674902001
1.15 20.1164902001
1.175 20.1664902001
1.2 20.2164902001
1.225 20.2654902001
1.25 20.3134902001
1.275 20.3594902001
1.3 20.4034902001
1.325 20.4464902001
1.35 20.4894902001
1.375 20.5324902001
1.4 20.5764902001
1.425 20.6194902001
1.45 20.6604902001
1.475 20.6994902001
1.5 20.7354902001
1.525 20.7714902001
1.55 20.8074902001
1.575 20.8454902001
1.6 20.8844902001
1.625 20.9204902001
1.65 20.9554902001
1.675 20.9914902001
1.7 21.0274902001
1.725 21.0634902001
1.75 21.1004902001
1.775 21.1374902001
1.8 21.1744902001
1.825 21.2104902001
1.85 21.2474902001
1.875 21.2834902001
1.9 21.3224902001
1.925 21.3624902001
1.95 21.4044902001
1.975 21.4454902001
2.0 21.4854902001
2.025 21.5254902001
2.05 21.5644902001
2.075 21.6044902001
2.1 21.6464902001
2.125 21.6884902001
2.15 21.7324902001
2.175 21.7794902001
2.2 21.8294902001
2.225 21.8824902001
2.25 21.9384902001
2.275 22.0004902001
2.3 22.0664902001
2.325 22.1374902001
2.35 22.2144902001
2.375 22.2974902001
2.4 22.3874902001
2.425 22.4834902001
2.45 22.5874902001
2.475 22.6994902001
